staggered
==========

                             <projecting _id and score only for hybrid pipeline and full document for native text filter pipeline>



FINAL SUMMARY TABLE:
Host CPU count: 64
==========================================================================================================================================================================
Pipeline                       RPM Target RPM Actual Threads  Sample   Reqs     Completed  Errors   NumCand   TopK     P50(ms)    P70(ms)    P95(ms)    P99(ms)   
==========================================================================================================================================================================
nativeTextFilterPipeline       1000       1000.7     64       100      1000     1000  (100.0%) 0        100       100      5.16       5.55       6.17       26.81     
nativeTextFilterPipeline       1000       1000.7     64       100      1000     1000  (100.0%) 0        300       100      5.11       5.44       6.30       6.60      
nativeTextFilterPipeline       1000       1000.7     64       100      1000     1000  (100.0%) 0        500       100      5.16       5.54       6.21       6.60      
nativeTextFilterPipeline       1000       1000.7     64       100      1000     1000  (100.0%) 0        500       250      5.17       5.51       6.25       6.79      
nativeTextFilterPipeline       1000       1000.7     64       100      1000     1000  (100.0%) 0        500       500      4.90       5.34       6.00       6.49      
nativeTextFilterPipeline       1000       1000.4     128      100      1000     1000  (100.0%) 0        100       100      4.98       5.21       6.09       6.62      
nativeTextFilterPipeline       1000       1000.6     128      100      1000     1000  (100.0%) 0        300       100      5.03       5.34       6.08       6.60      
nativeTextFilterPipeline       1000       1000.6     128      100      1000     1000  (100.0%) 0        500       100      4.92       5.24       6.02       6.56      
nativeTextFilterPipeline       1000       1000.5     128      100      1000     1000  (100.0%) 0        500       250      5.00       5.35       6.10       6.74      
nativeTextFilterPipeline       1000       1000.5     128      100      1000     1000  (100.0%) 0        500       500      5.02       5.35       6.11       6.45      
nativeTextFilterPipeline       10000      148976.0   64       100      10000    10000 (100.0%) 0        100       100      14.40      23.74      74.45      128.91    
nativeTextFilterPipeline       10000      149176.8   64       100      10000    10000 (100.0%) 0        300       100      6.07       13.63      52.57      111.06    
nativeTextFilterPipeline       10000      148260.1   64       100      10000    10000 (100.0%) 0        500       100      4.65       6.20       32.34      79.37     
nativeTextFilterPipeline       10000      151457.6   64       100      10000    10000 (100.0%) 0        500       250      14.19      23.38      77.23      139.06    
nativeTextFilterPipeline       10000      148508.7   64       100      10000    10000 (100.0%) 0        500       500      14.18      23.14      76.57      141.95    
nativeTextFilterPipeline       10000      141967.2   128      100      10000    10000 (100.0%) 0        100       100      6.79       15.07      54.33      123.91    
nativeTextFilterPipeline       10000      146997.7   128      100      10000    10000 (100.0%) 0        300       100      5.80       14.48      59.23      132.73    
nativeTextFilterPipeline       10000      146515.8   128      100      10000    10000 (100.0%) 0        500       100      4.77       6.50       32.11      81.99     
nativeTextFilterPipeline       10000      147898.0   128      100      10000    10000 (100.0%) 0        500       250      6.81       14.35      60.42      129.64    
nativeTextFilterPipeline       10000      151594.3   128      100      10000    10000 (100.0%) 0        500       500      23.90      41.99      114.43     191.71    
nativeTextFilterPipeline       50000      142285.7   64       100      50000    50000 (100.0%) 0        100       100      4.25       4.74       12.59      41.77     
nativeTextFilterPipeline       50000      142891.1   64       100      50000    50000 (100.0%) 0        300       100      4.22       4.69       12.02      44.51     
nativeTextFilterPipeline       50000      142477.3   64       100      50000    50000 (100.0%) 0        500       100      4.26       4.78       17.45      57.57     
nativeTextFilterPipeline       50000      145403.6   64       100      50000    50000 (100.0%) 0        500       250      4.57       5.92       40.34      100.69    
nativeTextFilterPipeline       50000      141484.2   64       100      50000    50000 (100.0%) 0        500       500      4.30       4.89       24.83      77.35     
nativeTextFilterPipeline       50000      144393.3   128      100      50000    50000 (100.0%) 0        100       100      4.43       5.18       51.91      121.46    
nativeTextFilterPipeline       50000      145288.0   128      100      50000    50000 (100.0%) 0        300       100      4.62       7.20       69.87      144.28    
nativeTextFilterPipeline       50000      144412.3   128      100      50000    50000 (100.0%) 0        500       100      4.62       6.69       67.49      142.40    
nativeTextFilterPipeline       50000      143285.7   128      100      50000    50000 (100.0%) 0        500       250      4.56       5.25       46.05      117.54    
nativeTextFilterPipeline       50000      146260.8   128      100      50000    50000 (100.0%) 0        500       500      5.38       19.14      90.26      176.35    
nativeTextFilterPipeline       100000     140810.8   64       100      100000   100000(100.0%) 0        100       100      4.41       4.89       13.40      51.59     
nativeTextFilterPipeline       100000     140630.5   64       100      100000   100000(100.0%) 0        300       100      4.33       4.94       26.64      84.37     
nativeTextFilterPipeline       100000     138293.5   64       100      100000   100000(100.0%) 0        500       100      4.22       4.71       31.56      51.54     
nativeTextFilterPipeline       100000     142561.0   64       100      100000   100000(100.0%) 0        500       250      4.41       5.15       32.65      89.19     
nativeTextFilterPipeline       100000     141516.8   64       100      100000   100000(100.0%) 0        500       500      4.36       5.04       28.98      85.22     
nativeTextFilterPipeline       100000     146815.3   128      100      100000   100000(100.0%) 0        100       100      5.17       21.73      92.26      177.20    
nativeTextFilterPipeline       100000     138917.8   128      100      100000   100000(100.0%) 0        300       100      4.09       4.55       64.11      118.91    
nativeTextFilterPipeline       100000     143608.7   128      100      100000   100000(100.0%) 0        500       100      4.26       4.77       27.22      87.74     
nativeTextFilterPipeline       100000     142417.8   128      100      100000   100000(100.0%) 0        500       250      4.20       4.65       9.04       48.97     
nativeTextFilterPipeline       100000     144147.2   128      100      100000   100000(100.0%) 0        500       500      4.37       5.07       55.82      135.93    
==========================================================================================================================================================================
Visualize here : https://saiteja05.github.io/datalog/performance_visualization.html

aggressive
==========

FINAL SUMMARY TABLE:
Host CPU count 64
======================================================================================================================================================
Pipeline                                 RPM      Threads  Sample   Reqs     NumCand   topK     P50(ms)    P70(ms)    P95(ms)    P99(ms)   
======================================================================================================================================================
nativeTextFilterPipeline                 1000     64       100      1000     100       100      10.72      22.61      103.62     160.76    
nativeTextFilterPipeline                 1000     64       100      1000     300       100      5.75       7.41       14.13      20.78     
nativeTextFilterPipeline                 1000     64       100      1000     500       100      5.87       7.89       15.69      24.83     
nativeTextFilterPipeline                 1000     64       100      1000     500       250      6.52       9.66       25.68      42.45     
nativeTextFilterPipeline                 1000     64       100      1000     500       500      5.97       7.64       13.33      18.31     
nativeTextFilterPipeline                 1000     128      100      1000     100       100      4.87       5.64       8.02       9.64      
nativeTextFilterPipeline                 1000     128      100      1000     300       100      4.71       5.42       8.26       11.34     
nativeTextFilterPipeline                 1000     128      100      1000     500       100      4.93       5.66       8.73       13.73     
nativeTextFilterPipeline                 1000     128      100      1000     500       250      4.89       5.78       8.99       11.63     
nativeTextFilterPipeline                 1000     128      100      1000     500       500      4.75       5.46       7.97       10.98     
nativeTextFilterPipeline                 10000    64       100      10000    100       100      11.32      18.16      56.65      105.95    
nativeTextFilterPipeline                 10000    64       100      10000    300       100      11.76      18.93      57.49      104.68    
nativeTextFilterPipeline                 10000    64       100      10000    500       100      11.33      18.46      56.20      97.69     
nativeTextFilterPipeline                 10000    64       100      10000    500       250      11.29      18.40      56.32      103.97    
nativeTextFilterPipeline                 10000    64       100      10000    500       500      11.30      18.29      55.71      105.58    
nativeTextFilterPipeline                 10000    128      100      10000    100       100      14.93      24.56      70.35      123.53    
nativeTextFilterPipeline                 10000    128      100      10000    300       100      13.70      23.20      67.85      108.36    
nativeTextFilterPipeline                 10000    128      100      10000    500       100      14.53      23.27      68.16      111.14    
nativeTextFilterPipeline                 10000    128      100      10000    500       250      14.19      23.37      72.10      120.90    
nativeTextFilterPipeline                 10000    128      100      10000    500       500      14.66      24.70      72.79      126.43    
nativeTextFilterPipeline                 50000    64       100      50000    100       100      12.32      20.44      63.64      111.27    
nativeTextFilterPipeline                 50000    64       100      50000    300       100      12.37      20.82      64.96      110.12    
nativeTextFilterPipeline                 50000    64       100      50000    500       100      12.00      19.67      63.34      113.70    
nativeTextFilterPipeline                 50000    64       100      50000    500       250      12.26      20.43      64.76      113.83    
nativeTextFilterPipeline                 50000    64       100      50000    500       500      12.04      19.84      62.84      114.90    
nativeTextFilterPipeline                 50000    128      100      50000    100       100      24.40      41.73      110.61     183.73    
nativeTextFilterPipeline                 50000    128      100      50000    300       100      24.57      41.56      111.55     182.71    
nativeTextFilterPipeline                 50000    128      100      50000    500       100      23.79      40.23      110.43     183.72    
nativeTextFilterPipeline                 50000    128      100      50000    500       250      23.02      38.16      102.63     172.46    
nativeTextFilterPipeline                 50000    128      100      50000    500       500      24.20      40.89      108.04     179.60    
nativeTextFilterPipeline                 100000   64       100      100000   100       100      12.23      20.56      63.90      112.11    
nativeTextFilterPipeline                 100000   64       100      100000   300       100      12.15      20.13      66.16      115.52    
nativeTextFilterPipeline                 100000   64       100      100000   500       100      12.30      20.25      66.48      117.35    
nativeTextFilterPipeline                 100000   64       100      100000   500       250      12.64      21.04      67.67      116.45    
nativeTextFilterPipeline                 100000   64       100      100000   500       500      12.41      20.72      67.35      117.88    
nativeTextFilterPipeline                 100000   128      100      100000   100       100      27.28      44.28      115.41     188.28    
nativeTextFilterPipeline                 100000   128      100      100000   300       100      27.34      44.51      115.21     184.67    
nativeTextFilterPipeline                 100000   128      100      100000   500       100      27.61      44.91      116.42     189.83    
nativeTextFilterPipeline                 100000   128      100      100000   500       250      27.86      45.24      115.63     188.23    
nativeTextFilterPipeline                 100000   128      100      100000   500       500      27.40      44.49      115.38     187.52    
======================================================================================================================================================
Visualize here : https://saiteja05.github.io/datalog/performance_visualization.html






staggered
==========

FINAL SUMMARY TABLE:
Host CPU count: 64
==========================================================================================================================================================================
Pipeline                       RPM Target RPM Actual Threads  Sample   Reqs     Completed  Errors   NumCand   TopK     P50(ms)    P70(ms)    P95(ms)    P99(ms)   
==========================================================================================================================================================================
nativeTextFilterPipeline       1000       1000.7     64       100      1000     1000  (100.0%) 0        100       100      4.94       5.26       5.99       6.52      
nativeTextFilterPipeline       1000       1000.7     64       100      1000     1000  (100.0%) 0        300       100      4.88       5.26       5.97       6.43      
nativeTextFilterPipeline       1000       1000.7     64       100      1000     1000  (100.0%) 0        500       100      4.97       5.35       5.98       6.45      
nativeTextFilterPipeline       1000       1000.7     64       100      1000     1000  (100.0%) 0        500       250      4.79       5.10       6.02       6.43      
nativeTextFilterPipeline       1000       1000.7     64       100      1000     1000  (100.0%) 0        500       500      4.84       5.17       6.04       6.46      
nativeTextFilterPipeline       1000       1000.6     128      100      1000     1000  (100.0%) 0        100       100      4.87       5.28       5.93       6.47      
nativeTextFilterPipeline       1000       1000.6     128      100      1000     1000  (100.0%) 0        300       100      4.99       5.25       5.94       6.34      
nativeTextFilterPipeline       1000       1000.6     128      100      1000     1000  (100.0%) 0        500       100      4.89       5.18       5.97       6.53      
nativeTextFilterPipeline       1000       1000.6     128      100      1000     1000  (100.0%) 0        500       250      4.97       5.21       6.00       6.38      
nativeTextFilterPipeline       1000       1000.6     128      100      1000     1000  (100.0%) 0        500       500      4.88       5.11       5.88       6.13      
functionalHybrid               1000       1000.4     64       100      1000     1000  (100.0%) 0        100       100      41.29      128.73     326.43     479.65    
functionalHybrid               1000       1000.4     64       100      1000     1000  (100.0%) 0        300       100      27.72      62.26      208.75     260.66    
functionalHybrid               1000       1000.3     64       100      1000     1000  (100.0%) 0        500       100      24.20      35.45      137.64     172.83    
functionalHybrid               1000       1000.2     64       100      1000     1000  (100.0%) 0        500       250      43.60      115.75     254.52     289.25    
functionalHybrid               1000       999.7      64       100      1000     1000  (100.0%) 0        500       500      68.27      181.36     437.01     488.01    
functionalHybrid               1000       1000.1     128      100      1000     1000  (100.0%) 0        100       100      18.47      20.21      89.69      97.50     
functionalHybrid               1000       1000.2     128      100      1000     1000  (100.0%) 0        300       100      19.76      20.76      74.70      94.06     
functionalHybrid               1000       1000.3     128      100      1000     1000  (100.0%) 0        500       100      21.38      22.88      76.86      93.62     
functionalHybrid               1000       1000.1     128      100      1000     1000  (100.0%) 0        500       250      36.91      42.97      167.38     214.45    
functionalHybrid               1000       999.8      128      100      1000     1000  (100.0%) 0        500       500      63.70      121.03     337.22     399.36    
nativeTextFilterPipeline       10000      150552.7   64       100      10000    10000 (100.0%) 0        100       100      14.10      22.88      75.44      129.77    
nativeTextFilterPipeline       10000      150521.3   64       100      10000    10000 (100.0%) 0        300       100      4.73       7.61       37.58      86.98     
nativeTextFilterPipeline       10000      145422.9   64       100      10000    10000 (100.0%) 0        500       100      4.20       4.74       14.23      45.84     
nativeTextFilterPipeline       10000      147474.9   64       100      10000    10000 (100.0%) 0        500       250      4.81       8.31       44.74      98.22     
nativeTextFilterPipeline       10000      152068.7   64       100      10000    10000 (100.0%) 0        500       500      13.90      22.22      74.48      141.95    
nativeTextFilterPipeline       10000      147076.1   128      100      10000    10000 (100.0%) 0        100       100      5.43       10.72      51.97      108.65    
nativeTextFilterPipeline       10000      149938.2   128      100      10000    10000 (100.0%) 0        300       100      5.88       13.61      59.56      118.10    
nativeTextFilterPipeline       10000      153263.9   128      100      10000    10000 (100.0%) 0        500       100      19.83      36.99      105.24     190.25    
nativeTextFilterPipeline       10000      154610.6   128      100      10000    10000 (100.0%) 0        500       250      21.17      37.26      110.44     191.43    
nativeTextFilterPipeline       10000      152124.7   128      100      10000    10000 (100.0%) 0        500       500      14.90      28.40      89.84      162.24    
functionalHybrid               10000      102327.9   64       100      10000    10000 (100.0%) 0        100       100      34.43      39.75      57.25      85.64     
functionalHybrid               10000      68015.0    64       100      10000    10000 (100.0%) 0        300       100      52.02      63.04      97.51      127.56    
functionalHybrid               10000      49659.1    64       100      10000    10000 (100.0%) 0        500       100      70.62      89.60      136.44     165.55    
functionalHybrid               10000      42018.2    64       100      10000    10000 (100.0%) 0        500       250      82.78      100.02     162.65     223.48    
functionalHybrid               10000      26028.5    64       100      10000    10000 (100.0%) 0        500       500      125.41     148.92     249.00     646.21    
functionalHybrid               10000      105303.7   128      100      10000    10000 (100.0%) 0        100       100      47.75      60.46      110.71     166.72    
functionalHybrid               10000      72198.3    128      100      10000    10000 (100.0%) 0        300       100      86.38      122.92     232.05     304.49    
functionalHybrid               10000      52644.1    128      100      10000    10000 (100.0%) 0        500       100      100.14     178.58     366.14     457.62    
functionalHybrid               10000      42618.2    128      100      10000    10000 (100.0%) 0        500       250      164.27     208.64     320.47     414.54    
functionalHybrid               10000      26592.8    128      100      10000    10000 (100.0%) 0        500       500      248.27     297.41     557.23     1237.74   
nativeTextFilterPipeline       50000      143367.8   64       100      50000    50000 (100.0%) 0        100       100      4.43       5.03       22.11      71.10     
nativeTextFilterPipeline       50000      144714.8   64       100      50000    50000 (100.0%) 0        300       100      4.57       5.79       37.98      92.54     
nativeTextFilterPipeline       50000      143851.0   64       100      50000    50000 (100.0%) 0        500       100      4.98       10.07      54.26      114.59    
nativeTextFilterPipeline       50000      144180.8   64       100      50000    50000 (100.0%) 0        500       250      5.02       10.08      51.80      111.85    
nativeTextFilterPipeline       50000      145496.9   64       100      50000    50000 (100.0%) 0        500       500      4.31       5.31       38.22      97.57     
nativeTextFilterPipeline       50000      145111.7   128      100      50000    50000 (100.0%) 0        100       100      6.18       22.76      79.09      150.75    
nativeTextFilterPipeline       50000      150672.0   128      100      50000    50000 (100.0%) 0        300       100      4.45       6.12       65.31      140.25    
nativeTextFilterPipeline       50000      147688.2   128      100      50000    50000 (100.0%) 0        500       100      4.18       4.65       25.86      77.53     
nativeTextFilterPipeline       50000      147999.5   128      100      50000    50000 (100.0%) 0        500       250      4.95       16.26      82.14      165.47    
nativeTextFilterPipeline       50000      144126.8   128      100      50000    50000 (100.0%) 0        500       500      4.22       4.75       18.50      59.96     
functionalHybrid               50000      102420.2   64       100      50000    50000 (100.0%) 0        100       100      33.94      39.13      56.25      75.35     
functionalHybrid               50000      68069.0    64       100      50000    50000 (100.0%) 0        300       100      50.94      62.79      97.42      126.47    
functionalHybrid               50000      48347.8    64       100      50000    50000 (100.0%) 0        500       100      69.54      90.70      153.83     203.76    
functionalHybrid               50000      42701.2    64       100      50000    50000 (100.0%) 0        500       250      79.44      94.30      137.66     519.25    
functionalHybrid               50000      28614.4    64       100      50000    50000 (100.0%) 0        500       500      118.69     134.86     182.91     588.50    
functionalHybrid               50000      103911.7   128      100      50000    50000 (100.0%) 0        100       100      50.41      63.41      120.45     220.72    
functionalHybrid               50000      71377.3    128      100      50000    50000 (100.0%) 0        300       100      94.44      123.37     204.95     294.64    
functionalHybrid               50000      50688.8    128      100      50000    50000 (100.0%) 0        500       100      101.32     189.75     383.75     512.77    
functionalHybrid               50000      37645.7    128      100      50000    50000 (100.0%) 0        500       250      182.91     222.77     336.29     706.71    
functionalHybrid               50000      24676.7    128      100      50000    50000 (100.0%) 0        500       500      280.47     334.47     659.71     836.72    
nativeTextFilterPipeline       100000     142092.7   64       100      100000   100000(100.0%) 0        100       100      4.34       4.92       24.10      75.32     
nativeTextFilterPipeline       100000     143251.2   64       100      100000   100000(100.0%) 0        300       100      4.65       5.60       37.27      94.73     
nativeTextFilterPipeline       100000     142792.0   64       100      100000   100000(100.0%) 0        500       100      4.33       4.77       6.04       10.95     
nativeTextFilterPipeline       100000     143281.1   64       100      100000   100000(100.0%) 0        500       250      4.41       5.05       25.27      76.66     
nativeTextFilterPipeline       100000     142510.5   64       100      100000   100000(100.0%) 0        500       500      4.24       4.71       10.78      46.84     
nativeTextFilterPipeline       100000     136795.5   128      100      100000   100000(100.0%) 0        100       100      4.46       5.09       64.16      120.42    
nativeTextFilterPipeline       100000     143077.9   128      100      100000   100000(100.0%) 0        300       100      4.20       4.61       5.91       10.53     
nativeTextFilterPipeline       100000     144523.6   128      100      100000   100000(100.0%) 0        500       100      4.33       4.98       50.77      123.39    
nativeTextFilterPipeline       100000     145992.9   128      100      100000   100000(100.0%) 0        500       250      4.35       4.90       41.12      107.84    
nativeTextFilterPipeline       100000     144443.7   128      100      100000   100000(100.0%) 0        500       500      4.33       4.82       24.71      81.20     
functionalHybrid               100000     96647.4    64       100      100000   100000(100.0%) 0        100       100      36.23      41.97      58.90      76.07     
functionalHybrid               100000     67437.6    64       100      100000   100000(100.0%) 0        300       100      51.08      63.16      98.90      128.99    
functionalHybrid               100000     49532.1    64       100      100000   100000(100.0%) 0        500       100      67.95      88.78      149.25     194.94    
functionalHybrid               100000     42399.7    64       100      100000   100000(100.0%) 0        500       250      79.85      94.70      135.14     180.17    
functionalHybrid               100000     28318.3    64       100      100000   100000(100.0%) 0        500       500      118.21     134.20     176.42     1029.58   
functionalHybrid               100000     98256.1    128      100      100000   100000(100.0%) 0        100       100      71.17      84.30      120.68     161.05    
functionalHybrid               100000     69273.4    128      100      100000   100000(100.0%) 0        300       100      95.98      125.21     205.98     280.42    
functionalHybrid               100000     50874.2    128      100      100000   100000(100.0%) 0        500       100      98.73      184.83     390.28     514.80    
functionalHybrid               100000     42463.1    128      100      100000   100000(100.0%) 0        500       250      148.95     198.25     328.49     1066.73   
functionalHybrid               100000     26507.8    128      100      100000   100000(100.0%) 0        500       500      243.42     283.23     509.39     1240.90   
==========================================================================================================================================================================
Visualize here : https://saiteja05.github.io/datalog/performance_visualization.html


aggressive benchmark
====================

Host CPU count 64
======================================================================================================================================================
Pipeline                                 RPM      Threads  Sample   Reqs     NumCand   topK     P50(ms)    P70(ms)    P95(ms)    P99(ms)   
======================================================================================================================================================
nativeTextFilterPipeline                 1000     64       100      1000     100       100      10.01      21.20      107.46     173.21    
nativeTextFilterPipeline                 1000     64       100      1000     300       100      6.29       8.38       15.42      21.83     
nativeTextFilterPipeline                 1000     64       100      1000     500       100      6.60       8.79       16.24      29.71     
nativeTextFilterPipeline                 1000     64       100      1000     500       250      6.21       8.05       18.02      26.35     
nativeTextFilterPipeline                 1000     64       100      1000     500       500      6.39       8.02       15.93      24.20     
nativeTextFilterPipeline                 1000     128      100      1000     100       100      4.97       5.74       8.55       11.05     
nativeTextFilterPipeline                 1000     128      100      1000     300       100      5.00       5.73       8.36       10.43     
nativeTextFilterPipeline                 1000     128      100      1000     500       100      21.73      38.49      70.93      97.44     
nativeTextFilterPipeline                 1000     128      100      1000     500       250      5.14       6.09       10.69      16.31     
nativeTextFilterPipeline                 1000     128      100      1000     500       500      4.92       5.96       10.04      13.37     
functionalHybrid                         1000     64       100      1000     100       100      11.14      15.62      36.65      60.99     
functionalHybrid                         1000     64       100      1000     300       100      10.01      13.54      29.93      52.23     
functionalHybrid                         1000     64       100      1000     500       100      9.44       12.28      23.87      46.43     
functionalHybrid                         1000     64       100      1000     500       250      9.19       12.18      24.25      38.77     
functionalHybrid                         1000     64       100      1000     500       500      9.54       12.53      27.98      43.93     
functionalHybrid                         1000     128      100      1000     100       100      7.06       8.19       11.79      15.32     
functionalHybrid                         1000     128      100      1000     300       100      7.41       8.82       13.60      19.46     
functionalHybrid                         1000     128      100      1000     500       100      7.04       8.31       12.72      16.68     
functionalHybrid                         1000     128      100      1000     500       250      7.44       8.81       13.88      21.71     
functionalHybrid                         1000     128      100      1000     500       500      7.48       8.75       12.40      16.78     
nativeTextFilterPipeline                 10000    64       100      10000    100       100      11.53      18.12      54.93      98.12     
nativeTextFilterPipeline                 10000    64       100      10000    300       100      11.81      18.84      56.46      100.67    
nativeTextFilterPipeline                 10000    64       100      10000    500       100      11.58      18.11      54.35      104.50    
nativeTextFilterPipeline                 10000    64       100      10000    500       250      11.68      18.54      56.58      101.55    
nativeTextFilterPipeline                 10000    64       100      10000    500       500      11.59      18.36      56.79      101.74    
nativeTextFilterPipeline                 10000    128      100      10000    100       100      37.80      56.97      107.51     155.13    
nativeTextFilterPipeline                 10000    128      100      10000    300       100      14.80      24.50      71.63      121.93    
nativeTextFilterPipeline                 10000    128      100      10000    500       100      13.33      22.24      65.43      112.95    
nativeTextFilterPipeline                 10000    128      100      10000    500       250      14.20      23.32      70.77      123.04    
nativeTextFilterPipeline                 10000    128      100      10000    500       500      14.98      24.66      72.81      125.46    
functionalHybrid                         10000    64       100      10000    100       100      13.01      19.42      54.87      96.78     
functionalHybrid                         10000    64       100      10000    300       100      12.87      19.55      57.24      99.21     
functionalHybrid                         10000    64       100      10000    500       100      12.58      18.98      54.79      103.11    
functionalHybrid                         10000    64       100      10000    500       250      12.91      19.43      56.19      101.15    
functionalHybrid                         10000    64       100      10000    500       500      12.96      19.42      54.97      96.84     
functionalHybrid                         10000    128      100      10000    100       100      18.08      29.54      80.44      133.56    
functionalHybrid                         10000    128      100      10000    300       100      33.45      55.75      105.47     144.92    
functionalHybrid                         10000    128      100      10000    500       100      15.67      24.37      70.51      120.30    
functionalHybrid                         10000    128      100      10000    500       250      17.30      27.57      76.93      137.61    
functionalHybrid                         10000    128      100      10000    500       500      17.92      28.00      79.80      137.36    
nativeTextFilterPipeline                 50000    64       100      50000    100       100      12.28      20.02      63.75      113.16    
nativeTextFilterPipeline                 50000    64       100      50000    300       100      11.84      19.73      64.79      114.79    
nativeTextFilterPipeline                 50000    64       100      50000    500       100      11.99      19.47      62.76      113.86    
nativeTextFilterPipeline                 50000    64       100      50000    500       250      12.24      19.98      63.80      111.15    
nativeTextFilterPipeline                 50000    64       100      50000    500       500      12.28      20.14      62.82      111.36    
nativeTextFilterPipeline                 50000    128      100      50000    100       100      24.75      41.53      107.72     180.87    
nativeTextFilterPipeline                 50000    128      100      50000    300       100      24.76      41.61      109.99     181.77    
nativeTextFilterPipeline                 50000    128      100      50000    500       100      24.66      42.05      110.11     178.18    
nativeTextFilterPipeline                 50000    128      100      50000    500       250      25.58      42.52      111.04     178.75    
nativeTextFilterPipeline                 50000    128      100      50000    500       500      24.52      41.28      106.83     177.64    
functionalHybrid                         50000    64       100      50000    100       100      14.97      21.67      57.30      97.13     
functionalHybrid                         50000    64       100      50000    300       100      13.41      20.92      61.44      107.50    
functionalHybrid                         50000    64       100      50000    500       100      13.71      21.40      63.18      106.33    
functionalHybrid                         50000    64       100      50000    500       250      13.99      21.55      62.36      106.51    
functionalHybrid                         50000    64       100      50000    500       500      14.22      21.28      60.76      105.54    
functionalHybrid                         50000    128      100      50000    100       100      27.08      40.79      99.14      161.49    
functionalHybrid                         50000    128      100      50000    300       100      28.36      42.84      104.41     168.92    
functionalHybrid                         50000    128      100      50000    500       100      27.21      42.49      107.73     173.64    
functionalHybrid                         50000    128      100      50000    500       250      27.70      42.85      107.60     174.89    
functionalHybrid                         50000    128      100      50000    500       500      26.57      42.83      112.17     178.57    
nativeTextFilterPipeline                 100000   64       100      100000   100       100      12.14      19.84      65.93      118.11    
nativeTextFilterPipeline                 100000   64       100      100000   300       100      12.30      20.44      66.91      118.22    
nativeTextFilterPipeline                 100000   64       100      100000   500       100      12.43      20.77      67.40      117.22    
nativeTextFilterPipeline                 100000   64       100      100000   500       250      12.05      20.47      69.06      118.96    
nativeTextFilterPipeline                 100000   64       100      100000   500       500      12.17      20.46      67.24      118.36    
nativeTextFilterPipeline                 100000   128      100      100000   100       100      27.49      43.89      115.30     186.34    
nativeTextFilterPipeline                 100000   128      100      100000   300       100      27.60      44.82      116.09     189.39    
nativeTextFilterPipeline                 100000   128      100      100000   500       100      27.44      44.00      115.85     189.00    
nativeTextFilterPipeline                 100000   128      100      100000   500       250      27.55      44.16      115.68     191.79    
nativeTextFilterPipeline                 100000   128      100      100000   500       500      26.98      43.32      112.23     188.43    
functionalHybrid                         100000   64       100      100000   100       100      13.72      22.07      66.03      110.27    
functionalHybrid                         100000   64       100      100000   300       100      13.80      21.66      64.90      109.69    
functionalHybrid                         100000   64       100      100000   500       100      13.94      22.35      66.04      111.24    
functionalHybrid                         100000   64       100      100000   500       250      13.81      21.70      64.84      110.67    
functionalHybrid                         100000   64       100      100000   500       500      13.61      21.59      64.84      110.62    
functionalHybrid                         100000   128      100      100000   100       100      28.28      44.30      115.75     187.80    
functionalHybrid                         100000   128      100      100000   300       100      28.43      45.23      116.70     191.24    
functionalHybrid                         100000   128      100      100000   500       100      28.69      46.16      114.27     185.58    
functionalHybrid                         100000   128      100      100000   500       250      28.65      46.41      116.62     189.01    
functionalHybrid                         100000   128      100      100000   500       500      28.44      45.77      117.13     190.25    
======================================================================================================================================================



FINAL SUMMARY TABLE:
Host CPU count: 64
==========================================================================================================================================================================
Pipeline                       RPM Target RPM Actual Threads  Sample   Reqs     Completed  Errors   NumCand   TopK     P50(ms)    P70(ms)    P95(ms)    P99(ms)   
==========================================================================================================================================================================
nativeTextFilterPipeline       1000       1000.7     64       100      1000     1000  (100.0%) 0        100       100      4.82       5.29       5.87       6.25      
nativeTextFilterPipeline       1000       1000.7     64       100      1000     1000  (100.0%) 0        300       100      5.04       5.31       5.95       6.42      
nativeTextFilterPipeline       1000       1000.7     64       100      1000     1000  (100.0%) 0        500       100      4.90       5.24       5.87       6.29      
nativeTextFilterPipeline       1000       1000.7     64       100      1000     1000  (100.0%) 0        500       250      4.95       5.22       6.01       6.36      
nativeTextFilterPipeline       1000       1000.7     64       100      1000     1000  (100.0%) 0        500       500      4.77       5.09       5.76       5.97      
nativeTextFilterPipeline       10000      150092.3   64       100      10000    10000 (100.0%) 0        100       100      13.79      22.58      78.26      139.08    
nativeTextFilterPipeline       10000      152901.9   64       100      10000    10000 (100.0%) 0        300       100      6.67       13.67      49.24      113.84    
nativeTextFilterPipeline       10000      144614.8   64       100      10000    10000 (100.0%) 0        500       100      4.47       5.50       29.04      77.90     
nativeTextFilterPipeline       10000      150522.5   64       100      10000    10000 (100.0%) 0        500       250      13.72      22.44      72.41      130.70    
nativeTextFilterPipeline       10000      148131.2   64       100      10000    10000 (100.0%) 0        500       500      4.33       5.02       19.74      54.33     
nativeTextFilterPipeline       50000      143107.6   64       100      50000    50000 (100.0%) 0        100       100      4.62       5.86       39.30      94.75     
nativeTextFilterPipeline       50000      142967.1   64       100      50000    50000 (100.0%) 0        300       100      4.37       5.00       25.83      77.84     
nativeTextFilterPipeline       50000      143689.8   64       100      50000    50000 (100.0%) 0        500       100      4.71       6.85       42.80      101.84    
nativeTextFilterPipeline       50000      145069.6   64       100      50000    50000 (100.0%) 0        500       250      4.32       4.95       25.82      73.87     
nativeTextFilterPipeline       50000      145388.4   64       100      50000    50000 (100.0%) 0        500       500      5.20       11.70      57.17      116.74    
nativeTextFilterPipeline       100000     141282.5   64       100      100000   100000(100.0%) 0        100       100      4.18       4.67       14.11      56.89     
nativeTextFilterPipeline       100000     139722.3   64       100      100000   100000(100.0%) 0        300       100      4.15       4.56       5.80       17.96     
nativeTextFilterPipeline       100000     141185.6   64       100      100000   100000(100.0%) 0        500       100      4.23       4.74       18.38      65.31     
nativeTextFilterPipeline       100000     143045.4   64       100      100000   100000(100.0%) 0        500       250      4.24       4.77       20.44      71.88     
nativeTextFilterPipeline       100000     140798.1   64       100      100000   100000(100.0%) 0        500       500      4.15       4.57       5.91       22.17     
nativeTextFilterPipeline       200000     140031.0   64       100      200000   200000(100.0%) 0        100       100      4.20       4.67       15.14      62.18     
nativeTextFilterPipeline       200000     141083.6   64       100      200000   200000(100.0%) 0        300       100      4.33       4.98       30.81      87.80     
nativeTextFilterPipeline       200000     139750.3   64       100      200000   200000(100.0%) 0        500       100      4.15       4.55       5.61       6.70      
nativeTextFilterPipeline       200000     140563.2   64       100      200000   200000(100.0%) 0        500       250      4.18       4.62       7.21       41.76     
nativeTextFilterPipeline       200000     141594.3   64       100      200000   200000(100.0%) 0        500       500      4.25       4.71       13.88      59.02     
==========================================================================================================================================================================
Visualize here : https://saiteja05.github.io/datalog/performance_visualization.html
MongoDB connection closed

                             <projecting _id and score only instead of full document for both pipelines>

FINAL SUMMARY TABLE:
Host CPU count: 64
==========================================================================================================================================================================
Pipeline                       RPM Target RPM Actual Threads  Sample   Reqs     Completed  Errors   NumCand   TopK     P50(ms)    P70(ms)    P95(ms)    P99(ms)   
==========================================================================================================================================================================
nativeTextFilterPipeline       1000       1000.7     64       100      1000     1000  (100.0%) 0        100       100      4.82       5.29       5.87       6.25      
nativeTextFilterPipeline       1000       1000.7     64       100      1000     1000  (100.0%) 0        300       100      5.04       5.31       5.95       6.42      
nativeTextFilterPipeline       1000       1000.7     64       100      1000     1000  (100.0%) 0        500       100      4.90       5.24       5.87       6.29      
nativeTextFilterPipeline       1000       1000.7     64       100      1000     1000  (100.0%) 0        500       250      4.95       5.22       6.01       6.36      
nativeTextFilterPipeline       1000       1000.7     64       100      1000     1000  (100.0%) 0        500       500      4.77       5.09       5.76       5.97      
nativeTextFilterPipeline       10000      150092.3   64       100      10000    10000 (100.0%) 0        100       100      13.79      22.58      78.26      139.08    
nativeTextFilterPipeline       10000      152901.9   64       100      10000    10000 (100.0%) 0        300       100      6.67       13.67      49.24      113.84    
nativeTextFilterPipeline       10000      144614.8   64       100      10000    10000 (100.0%) 0        500       100      4.47       5.50       29.04      77.90     
nativeTextFilterPipeline       10000      150522.5   64       100      10000    10000 (100.0%) 0        500       250      13.72      22.44      72.41      130.70    
nativeTextFilterPipeline       10000      148131.2   64       100      10000    10000 (100.0%) 0        500       500      4.33       5.02       19.74      54.33     
nativeTextFilterPipeline       50000      143107.6   64       100      50000    50000 (100.0%) 0        100       100      4.62       5.86       39.30      94.75     
nativeTextFilterPipeline       50000      142967.1   64       100      50000    50000 (100.0%) 0        300       100      4.37       5.00       25.83      77.84     
nativeTextFilterPipeline       50000      143689.8   64       100      50000    50000 (100.0%) 0        500       100      4.71       6.85       42.80      101.84    
nativeTextFilterPipeline       50000      145069.6   64       100      50000    50000 (100.0%) 0        500       250      4.32       4.95       25.82      73.87     
nativeTextFilterPipeline       50000      145388.4   64       100      50000    50000 (100.0%) 0        500       500      5.20       11.70      57.17      116.74    
nativeTextFilterPipeline       100000     141282.5   64       100      100000   100000(100.0%) 0        100       100      4.18       4.67       14.11      56.89     
nativeTextFilterPipeline       100000     139722.3   64       100      100000   100000(100.0%) 0        300       100      4.15       4.56       5.80       17.96     
nativeTextFilterPipeline       100000     141185.6   64       100      100000   100000(100.0%) 0        500       100      4.23       4.74       18.38      65.31     
nativeTextFilterPipeline       100000     143045.4   64       100      100000   100000(100.0%) 0        500       250      4.24       4.77       20.44      71.88     
nativeTextFilterPipeline       100000     140798.1   64       100      100000   100000(100.0%) 0        500       500      4.15       4.57       5.91       22.17     
nativeTextFilterPipeline       200000     140031.0   64       100      200000   200000(100.0%) 0        100       100      4.20       4.67       15.14      62.18     
nativeTextFilterPipeline       200000     141083.6   64       100      200000   200000(100.0%) 0        300       100      4.33       4.98       30.81      87.80     
nativeTextFilterPipeline       200000     139750.3   64       100      200000   200000(100.0%) 0        500       100      4.15       4.55       5.61       6.70      
nativeTextFilterPipeline       200000     140563.2   64       100      200000   200000(100.0%) 0        500       250      4.18       4.62       7.21       41.76     
nativeTextFilterPipeline       200000     141594.3   64       100      200000   200000(100.0%) 0        500       500      4.25       4.71       13.88      59.02     
==========================================================================================================================================================================
Visualize here : https://saiteja05.github.io/datalog/performance_visualization.html
MongoDB connection closed



Host CPU count: 64
==========================================================================================================================================================================
Pipeline                       RPM Target RPM Actual Threads  Sample   Reqs     Completed  Errors   NumCand   TopK     P50(ms)    P70(ms)    P95(ms)    P99(ms)   
==========================================================================================================================================================================
nativeTextFilterPipeline       1000       1000.7     64       100      1000     1000  (100.0%) 0        100       100      5.02       5.26       5.86       6.30      
nativeTextFilterPipeline       1000       1000.7     64       100      1000     1000  (100.0%) 0        300       100      4.97       5.24       5.85       6.25      
nativeTextFilterPipeline       1000       1000.7     64       100      1000     1000  (100.0%) 0        500       100      4.85       5.13       5.85       6.24      
nativeTextFilterPipeline       1000       1000.7     64       100      1000     1000  (100.0%) 0        500       250      4.87       5.14       5.82       6.11      
nativeTextFilterPipeline       1000       1000.7     64       100      1000     1000  (100.0%) 0        500       500      4.98       5.26       5.98       6.37      
functionalHybrid               1000       1000.5     64       100      1000     1000  (100.0%) 0        100       100      17.73      18.19      19.52      21.02     
functionalHybrid               1000       1000.4     64       100      1000     1000  (100.0%) 0        300       100      19.16      19.86      21.42      22.97     
functionalHybrid               1000       1000.4     64       100      1000     1000  (100.0%) 0        500       100      20.70      21.43      22.93      24.71     
functionalHybrid               1000       1000.2     64       100      1000     1000  (100.0%) 0        500       250      33.99      35.59      40.28      104.59    
functionalHybrid               1000       999.8      64       100      1000     1000  (100.0%) 0        500       500      55.44      57.49      96.24      284.27    
nativeTextFilterPipeline       10000      146758.6   64       100      10000    10000 (100.0%) 0        100       100      4.21       4.72       12.12      47.96     
nativeTextFilterPipeline       10000      153089.2   64       100      10000    10000 (100.0%) 0        300       100      8.36       15.52      59.20      119.10    
nativeTextFilterPipeline       10000      146504.3   64       100      10000    10000 (100.0%) 0        500       100      4.46       5.39       29.82      82.03     
nativeTextFilterPipeline       10000      149068.9   64       100      10000    10000 (100.0%) 0        500       250      8.23       15.41      60.29      118.32    
nativeTextFilterPipeline       10000      154245.5   64       100      10000    10000 (100.0%) 0        500       500      14.07      22.22      69.60      135.94    
functionalHybrid               10000      103841.6   64       100      10000    10000 (100.0%) 0        100       100      33.68      38.71      54.97      94.24     
functionalHybrid               10000      67426.8    64       100      10000    10000 (100.0%) 0        300       100      52.09      64.19      100.41     133.58    
functionalHybrid               10000      49303.3    64       100      10000    10000 (100.0%) 0        500       100      70.86      90.46      144.44     180.85    
functionalHybrid               10000      42871.1    64       100      10000    10000 (100.0%) 0        500       250      82.33      98.46      150.38     200.97    
functionalHybrid               10000      29116.0    64       100      10000    10000 (100.0%) 0        500       500      122.95     142.07     221.16     275.38    
nativeTextFilterPipeline       50000      143765.6   64       100      50000    50000 (100.0%) 0        100       100      4.23       4.71       11.95      46.77     
nativeTextFilterPipeline       50000      146353.3   64       100      50000    50000 (100.0%) 0        300       100      4.29       4.87       22.02      70.04     
nativeTextFilterPipeline       50000      146718.0   64       100      50000    50000 (100.0%) 0        500       100      4.51       5.70       39.05      95.63     
nativeTextFilterPipeline       50000      146942.6   64       100      50000    50000 (100.0%) 0        500       250      4.49       5.34       32.10      89.65     
nativeTextFilterPipeline       50000      144844.4   64       100      50000    50000 (100.0%) 0        500       500      4.90       9.28       48.09      109.93    
functionalHybrid               50000      91879.7    64       100      50000    50000 (100.0%) 0        100       100      38.78      44.50      60.45      75.78     
functionalHybrid               50000      66874.4    64       100      50000    50000 (100.0%) 0        300       100      51.89      64.01      100.01     131.72    
functionalHybrid               50000      48440.3    64       100      50000    50000 (100.0%) 0        500       100      67.86      90.85      159.21     211.71    
functionalHybrid               50000      42014.1    64       100      50000    50000 (100.0%) 0        500       250      80.91      95.64      139.19     529.41    
functionalHybrid               50000      28438.0    64       100      50000    50000 (100.0%) 0        500       500      118.70     134.40     182.91     604.01    
nativeTextFilterPipeline       100000     143522.1   64       100      100000   100000(100.0%) 0        100       100      4.17       4.59       5.74       8.21      
nativeTextFilterPipeline       100000     144229.5   64       100      100000   100000(100.0%) 0        300       100      4.17       4.60       6.06       24.39     
nativeTextFilterPipeline       100000     144187.7   64       100      100000   100000(100.0%) 0        500       100      4.16       4.56       5.64       7.68      
nativeTextFilterPipeline       100000     143882.5   64       100      100000   100000(100.0%) 0        500       250      4.48       5.46       37.29      96.50     
nativeTextFilterPipeline       100000     142594.1   64       100      100000   100000(100.0%) 0        500       500      4.21       4.65       7.41       37.34     
functionalHybrid               100000     101185.0   64       100      100000   100000(100.0%) 0        100       100      34.11      39.48      57.08      75.78     
functionalHybrid               100000     66912.3    64       100      100000   100000(100.0%) 0        300       100      51.08      63.63      101.31     130.93    
functionalHybrid               100000     48678.2    64       100      100000   100000(100.0%) 0        500       100      68.33      90.26      155.13     203.58    
functionalHybrid               100000     41449.2    64       100      100000   100000(100.0%) 0        500       250      81.39      96.98      140.52     190.68    
functionalHybrid               100000     28355.9    64       100      100000   100000(100.0%) 0        500       500      118.22     133.67     173.54     1040.66   
nativeTextFilterPipeline       200000     136371.9   64       100      200000   200000(100.0%) 0        100       100      4.31       4.86       34.02      62.19     
nativeTextFilterPipeline       200000     144856.6   64       100      200000   200000(100.0%) 0        300       100      4.26       4.75       16.81      61.60     
nativeTextFilterPipeline       200000     136198.1   64       100      200000   200000(100.0%) 0        500       100      4.29       4.85       34.21      62.32     
nativeTextFilterPipeline       200000     142033.2   64       100      200000   200000(100.0%) 0        500       250      4.23       4.70       13.02      55.17     
nativeTextFilterPipeline       200000     140094.4   64       100      200000   200000(100.0%) 0        500       500      4.22       4.67       19.65      49.08     
functionalHybrid               200000     102174.7   64       100      200000   200000(100.0%) 0        100       100      33.76      38.97      56.96      75.65     
functionalHybrid               200000     66636.2    64       100      200000   200000(100.0%) 0        300       100      51.38      64.03      102.12     132.37    
functionalHybrid               200000     49895.3    64       100      200000   200000(100.0%) 0        500       100      68.48      87.73      143.10     184.98    
functionalHybrid               200000     42240.4    64       100      200000   200000(100.0%) 0        500       250      79.93      94.56      134.44     170.51    
functionalHybrid               200000     28201.0    64       100      200000   200000(100.0%) 0        500       500      118.38     133.28     170.59     216.10    
==========================================================================================================================================================================
Visualize here : https://saiteja05.github.io/datalog/performance_visualization.html
MongoDB connection closed


with concurency:True

FINAL SUMMARY TABLE:
Host CPU count: 64
==========================================================================================================================================================================
Pipeline                       RPM Target RPM Actual Threads  Sample   Reqs     Completed  Errors   NumCand   TopK     P50(ms)    P70(ms)    P95(ms)    P99(ms)   
==========================================================================================================================================================================
nativeTextFilterPipeline       1000       1000.7     64       100      1000     1000  (100.0%) 0        100       100      5.30       5.59       6.31       6.75      
nativeTextFilterPipeline       1000       1000.7     64       100      1000     1000  (100.0%) 0        300       100      5.13       5.41       6.08       6.42      
nativeTextFilterPipeline       1000       1000.7     64       100      1000     1000  (100.0%) 0        500       100      5.34       5.58       6.23       6.60      
nativeTextFilterPipeline       1000       1000.7     64       100      1000     1000  (100.0%) 0        500       250      5.35       5.57       6.25       6.59      
nativeTextFilterPipeline       1000       1000.7     64       100      1000     1000  (100.0%) 0        500       500      5.35       5.62       6.35       6.65      
nativeTextFilterPipeline       10000      148188.9   64       100      10000    10000 (100.0%) 0        100       100      5.60       11.01      44.30      98.06     
nativeTextFilterPipeline       10000      145224.8   64       100      10000    10000 (100.0%) 0        300       100      4.48       4.91       6.60       12.55     
nativeTextFilterPipeline       10000      154771.4   64       100      10000    10000 (100.0%) 0        500       100      14.55      22.41      68.30      143.45    
nativeTextFilterPipeline       10000      147154.5   64       100      10000    10000 (100.0%) 0        500       250      4.96       6.38       34.16      89.17     
nativeTextFilterPipeline       10000      148976.6   64       100      10000    10000 (100.0%) 0        500       500      5.28       9.11       40.91      96.57     
nativeTextFilterPipeline       50000      142431.8   64       100      50000    50000 (100.0%) 0        100       100      4.62       5.04       6.24       10.65     
nativeTextFilterPipeline       50000      146117.7   64       100      50000    50000 (100.0%) 0        300       100      5.64       12.38      54.53      113.44    
nativeTextFilterPipeline       50000      142499.9   64       100      50000    50000 (100.0%) 0        500       100      4.70       5.38       30.33      81.74     
nativeTextFilterPipeline       50000      142342.3   64       100      50000    50000 (100.0%) 0        500       250      4.55       5.02       13.12      47.86     
nativeTextFilterPipeline       50000      144495.7   64       100      50000    50000 (100.0%) 0        500       500      5.17       9.12       47.91      105.28    
nativeTextFilterPipeline       100000     141210.9   64       100      100000   100000(100.0%) 0        100       100      4.59       5.15       22.74      73.79     
nativeTextFilterPipeline       100000     141809.7   64       100      100000   100000(100.0%) 0        300       100      4.54       5.03       14.93      56.77     
nativeTextFilterPipeline       100000     139956.9   64       100      100000   100000(100.0%) 0        500       100      4.47       4.90       6.35       25.70     
nativeTextFilterPipeline       100000     110830.1   64       100      100000   100000(100.0%) 0        500       250      32.03      34.93      65.04      94.04     
nativeTextFilterPipeline       100000     140838.6   64       100      100000   100000(100.0%) 0        500       500      4.66       5.20       21.16      72.54     
nativeTextFilterPipeline       200000     143973.3   64       100      200000   200000(100.0%) 0        100       100      4.42       4.82       5.87       6.97      
nativeTextFilterPipeline       200000     141252.1   64       100      200000   200000(100.0%) 0        300       100      4.44       4.85       6.24       28.84     
nativeTextFilterPipeline       200000     141833.7   64       100      200000   200000(100.0%) 0        500       100      4.58       4.99       6.09       9.44      
nativeTextFilterPipeline       200000     141235.9   64       100      200000   200000(100.0%) 0        500       250      4.54       4.95       6.10       10.51     
nativeTextFilterPipeline       200000     140932.7   64       100      200000   200000(100.0%) 0        500       500      4.61       5.14       19.93      70.31     
==========================================================================================================================================================================
Visualize here : https://saiteja05.github.io/datalog/performance_visualization.html
MongoDB connection closed




Dynamic filters (same config)

FINAL SUMMARY TABLE:
Host CPU count: 64
==========================================================================================================================================================================
Pipeline                       RPM Target RPM Actual Threads  Sample   Reqs     Completed  Errors   NumCand   TopK     P50(ms)    P70(ms)    P95(ms)    P99(ms)   
==========================================================================================================================================================================
nativeTextFilterPipeline-staticFilters 10000      78209.0    64       50       10000    10000 (100.0%) 0        100       100      42.13      53.32      90.14      207.36    
nativeTextFilterPipeline-staticFilters 10000      73604.5    64       50       10000    10000 (100.0%) 0        300       100      13.51      14.60      28.74      61.81     
nativeTextFilterPipeline-staticFilters 10000      78200.8    64       50       10000    10000 (100.0%) 0        500       100      35.43      47.81      78.97      107.61    
nativeTextFilterPipeline-staticFilters 10000      35626.5    64       50       10000    10000 (100.0%) 0        500       250      94.60      115.63     204.72     249.80    
nativeTextFilterPipeline-staticFilters 10000      25344.0    64       50       10000    10000 (100.0%) 0        500       500      122.41     156.16     252.30     299.66    
nativeTextFilterPipeline-staticFilters 10000      75737.8    128      50       10000    10000 (100.0%) 0        100       100      28.86      54.70      134.23     200.28    
nativeTextFilterPipeline-staticFilters 10000      77812.2    128      50       10000    10000 (100.0%) 0        300       100      60.05      86.74      164.09     224.92    
nativeTextFilterPipeline-staticFilters 10000      77059.4    128      50       10000    10000 (100.0%) 0        500       100      44.84      74.96      154.29     211.67    
nativeTextFilterPipeline-staticFilters 10000      35009.5    128      50       10000    10000 (100.0%) 0        500       250      173.84     234.06     373.22     464.49    
nativeTextFilterPipeline-staticFilters 10000      25113.2    128      50       10000    10000 (100.0%) 0        500       500      268.25     325.57     462.49     550.09    
nativeTextFilterPipeline-dynamicFilters 10000      90195.3    64       50       10000    10000 (100.0%) 0        100       100      16.79      30.49      62.80      93.57     
nativeTextFilterPipeline-dynamicFilters 10000      88803.4    64       50       10000    10000 (100.0%) 0        300       100      11.30      17.58      54.97      93.14     
nativeTextFilterPipeline-dynamicFilters 10000      87524.3    64       50       10000    10000 (100.0%) 0        500       100      9.12       14.02      44.02      73.36     
nativeTextFilterPipeline-dynamicFilters 10000      68130.2    64       50       10000    10000 (100.0%) 0        500       250      9.70       21.49      58.33      122.54    
nativeTextFilterPipeline-dynamicFilters 10000      55635.5    64       50       10000    10000 (100.0%) 0        500       500      15.43      47.29      141.19     227.70    
nativeTextFilterPipeline-dynamicFilters 10000      93628.5    128      50       10000    10000 (100.0%) 0        100       100      59.60      83.45      150.08     198.80    
nativeTextFilterPipeline-dynamicFilters 10000      86878.4    128      50       10000    10000 (100.0%) 0        300       100      9.64       14.93      48.66      78.37     
nativeTextFilterPipeline-dynamicFilters 10000      93854.0    128      50       10000    10000 (100.0%) 0        500       100      60.48      84.39      153.91     205.50    
nativeTextFilterPipeline-dynamicFilters 10000      67638.3    128      50       10000    10000 (100.0%) 0        500       250      20.74      38.92      146.92     236.10    
nativeTextFilterPipeline-dynamicFilters 10000      58411.1    128      50       10000    10000 (100.0%) 0        500       500      16.25      45.85      183.36     308.18    
nativeTextFilterPipeline-staticFilters 50000      73687.3    64       50       50000    50000 (100.0%) 0        100       100      13.37      14.27      17.79      49.29     
nativeTextFilterPipeline-staticFilters 50000      74961.7    64       50       50000    50000 (100.0%) 0        300       100      13.32      14.23      19.74      65.69     
nativeTextFilterPipeline-staticFilters 50000      75108.1    64       50       50000    50000 (100.0%) 0        500       100      14.07      16.07      60.57      90.26     
nativeTextFilterPipeline-staticFilters 50000      36388.4    64       50       50000    50000 (100.0%) 0        500       250      33.30      37.07      105.36     340.62    
nativeTextFilterPipeline-staticFilters 50000      25010.6    64       50       50000    50000 (100.0%) 0        500       500      57.16      65.80      181.78     470.76    
nativeTextFilterPipeline-staticFilters 50000      75633.7    128      50       50000    50000 (100.0%) 0        100       100      14.55      35.97      139.48     204.31    
nativeTextFilterPipeline-staticFilters 50000      74349.1    128      50       50000    50000 (100.0%) 0        300       100      14.31      16.58      119.82     195.07    
nativeTextFilterPipeline-staticFilters 50000      74486.3    128      50       50000    50000 (100.0%) 0        500       100      13.58      14.57      33.98      91.25     
nativeTextFilterPipeline-staticFilters 50000      25248.0    128      50       50000    50000 (100.0%) 0        500       250      239.68     246.68     638.31     649.85    
nativeTextFilterPipeline-staticFilters 50000      24838.8    128      50       50000    50000 (100.0%) 0        500       500      59.66      75.97      396.14     704.52    
nativeTextFilterPipeline-dynamicFilters 50000      87344.7    64       50       50000    50000 (100.0%) 0        100       100      9.36       14.37      48.79      77.75     
nativeTextFilterPipeline-dynamicFilters 50000      88341.6    64       50       50000    50000 (100.0%) 0        300       100      11.41      18.13      55.46      80.45     
nativeTextFilterPipeline-dynamicFilters 50000      86483.0    64       50       50000    50000 (100.0%) 0        500       100      8.22       12.37      26.06      57.14     
nativeTextFilterPipeline-dynamicFilters 50000      68921.6    64       50       50000    50000 (100.0%) 0        500       250      9.97       24.14      63.91      111.20    
nativeTextFilterPipeline-dynamicFilters 50000      60369.1    64       50       50000    50000 (100.0%) 0        500       500      9.81       18.90      63.51      147.81    
nativeTextFilterPipeline-dynamicFilters 50000      88697.1    128      50       50000    50000 (100.0%) 0        100       100      17.65      48.92      119.15     178.18    
nativeTextFilterPipeline-dynamicFilters 50000      87205.9    128      50       50000    50000 (100.0%) 0        300       100      9.17       13.76      56.29      119.62    
nativeTextFilterPipeline-dynamicFilters 50000      85869.2    128      50       50000    50000 (100.0%) 0        500       100      8.30       12.40      23.18      52.37     
nativeTextFilterPipeline-dynamicFilters 50000      63228.5    128      50       50000    50000 (100.0%) 0        500       250      11.16      30.88      210.99     478.65    
nativeTextFilterPipeline-dynamicFilters 50000      59711.0    128      50       50000    50000 (100.0%) 0        500       500      10.79      30.67      141.70     335.49    
nativeTextFilterPipeline-staticFilters 100000     74217.0    64       50       100000   100000(100.0%) 0        100       100      13.51      14.51      36.65      72.50     
nativeTextFilterPipeline-staticFilters 100000     74078.2    64       50       100000   100000(100.0%) 0        300       100      13.39      14.37      27.65      69.63     
nativeTextFilterPipeline-staticFilters 100000     74680.9    64       50       100000   100000(100.0%) 0        500       100      13.61      14.56      22.43      66.03     
nativeTextFilterPipeline-staticFilters 100000     32191.0    64       50       100000   100000(100.0%) 0        500       250      36.84      48.86      126.98     880.99    
nativeTextFilterPipeline-staticFilters 100000     24684.4    64       50       100000   100000(100.0%) 0        500       500      56.98      64.05      145.71     730.04    
nativeTextFilterPipeline-staticFilters 100000     74277.1    128      50       100000   100000(100.0%) 0        100       100      13.57      14.65      66.62      145.30    
nativeTextFilterPipeline-staticFilters 100000     75202.7    128      50       100000   100000(100.0%) 0        300       100      14.02      16.20      124.89     193.81    
nativeTextFilterPipeline-staticFilters 100000     74115.2    128      50       100000   100000(100.0%) 0        500       100      13.79      14.98      90.00      165.00    
nativeTextFilterPipeline-staticFilters 100000     35994.4    128      50       100000   100000(100.0%) 0        500       250      33.71      37.17      108.01     299.00    
nativeTextFilterPipeline-staticFilters 100000     20943.1    128      50       100000   100000(100.0%) 0        500       500      294.70     401.50     946.21     1169.59   
nativeTextFilterPipeline-dynamicFilters 100000     85984.5    64       50       100000   100000(100.0%) 0        100       100      8.24       11.99      19.93      33.29     
nativeTextFilterPipeline-dynamicFilters 100000     87665.0    64       50       100000   100000(100.0%) 0        300       100      9.40       14.45      48.71      74.61     
nativeTextFilterPipeline-dynamicFilters 100000     87404.4    64       50       100000   100000(100.0%) 0        500       100      9.24       14.29      47.89      73.76     
nativeTextFilterPipeline-dynamicFilters 100000     68206.2    64       50       100000   100000(100.0%) 0        500       250      8.93       13.79      37.23      77.27     
nativeTextFilterPipeline-dynamicFilters 100000     59602.9    64       50       100000   100000(100.0%) 0        500       500      9.45       14.20      53.94      94.90     
nativeTextFilterPipeline-dynamicFilters 100000     85839.6    128      50       100000   100000(100.0%) 0        100       100      8.24       12.08      22.64      68.53     
nativeTextFilterPipeline-dynamicFilters 100000     84099.7    128      50       100000   100000(100.0%) 0        300       100      8.33       12.48      57.70      105.30    
nativeTextFilterPipeline-dynamicFilters 100000     86228.2    128      50       100000   100000(100.0%) 0        500       100      8.72       13.30      69.97      134.21    
nativeTextFilterPipeline-dynamicFilters 100000     67220.8    128      50       100000   100000(100.0%) 0        500       250      9.10       15.01      42.31      136.30    
nativeTextFilterPipeline-dynamicFilters 100000     58523.6    128      50       100000   100000(100.0%) 0        500       500      9.79       17.82      104.92     245.65    
nativeTextFilterPipeline-staticFilters 200000     74104.9    64       50       200000   200000(100.0%) 0        100       100      13.34      14.20      17.15      40.52     
nativeTextFilterPipeline-staticFilters 200000     72412.5    64       50       200000   200000(100.0%) 0        300       100      13.43      14.41      58.09      63.32     
nativeTextFilterPipeline-staticFilters 200000     73854.8    64       50       200000   200000(100.0%) 0        500       100      13.63      14.68      42.30      76.45     
nativeTextFilterPipeline-staticFilters 200000     33816.2    64       50       200000   200000(100.0%) 0        500       250      33.82      38.07      123.89     132.98    
nativeTextFilterPipeline-staticFilters 200000     24353.8    64       50       200000   200000(100.0%) 0        500       500      55.91      61.32      78.42      244.80    
nativeTextFilterPipeline-staticFilters 200000     73578.8    128      50       200000   200000(100.0%) 0        100       100      13.60      14.61      50.71      145.26    
nativeTextFilterPipeline-staticFilters 200000     70776.9    128      50       200000   200000(100.0%) 0        300       100      13.56      14.63      125.44     132.60    
nativeTextFilterPipeline-staticFilters 200000     73902.1    128      50       200000   200000(100.0%) 0        500       100      13.98      15.40      110.79     184.87    
nativeTextFilterPipeline-staticFilters 200000     35850.7    128      50       200000   200000(100.0%) 0        500       250      33.06      36.11      45.48      243.78    
nativeTextFilterPipeline-staticFilters 200000     21337.6    128      50       200000   200000(100.0%) 0        500       500      288.11     378.52     598.75     1820.73   
nativeTextFilterPipeline-dynamicFilters 200000     85631.1    64       50       200000   200000(100.0%) 0        100       100      8.17       11.85      19.93      43.44     
nativeTextFilterPipeline-dynamicFilters 200000     86500.3    64       50       200000   200000(100.0%) 0        300       100      8.00       11.55      18.92      29.43     
nativeTextFilterPipeline-dynamicFilters 200000     85257.8    64       50       200000   200000(100.0%) 0        500       100      8.45       12.91      47.67      56.16     
nativeTextFilterPipeline-dynamicFilters 200000     68566.8    64       50       200000   200000(100.0%) 0        500       250      9.33       19.52      49.71      99.45     
nativeTextFilterPipeline-dynamicFilters 200000     60581.4    64       50       200000   200000(100.0%) 0        500       500      33.02      50.83      124.11     182.37    
nativeTextFilterPipeline-dynamicFilters 200000     84061.9    128      50       200000   200000(100.0%) 0        100       100      8.39       12.47      95.08      105.35    
nativeTextFilterPipeline-dynamicFilters 200000     84980.5    128      50       200000   200000(100.0%) 0        300       100      8.05       11.67      19.50      36.96     
nativeTextFilterPipeline-dynamicFilters 200000     78498.0    128      50       200000   200000(100.0%) 0        500       100      13.56      96.79      106.57     114.89    
nativeTextFilterPipeline-dynamicFilters 200000     67346.8    128      50       200000   200000(100.0%) 0        500       250      8.84       13.36      36.40      107.53    
nativeTextFilterPipeline-dynamicFilters 200000     59252.9    128      50       200000   200000(100.0%) 0        500       500      10.13      22.69      105.14     245.73    
==========================================================================================================================================================================
Visualize here : https://saiteja05.github.io/datalog/performance_visualization.html


Dynamic filters (different config)


FINAL SUMMARY TABLE:
Host CPU count: 64
==========================================================================================================================================================================
Pipeline                       RPM Target RPM Actual Threads  Sample   Reqs     Completed  Errors   NumCand   TopK     P50(ms)    P70(ms)    P95(ms)    P99(ms)   
==========================================================================================================================================================================
nativeTextFilterPipeline       10000      74984.8    64       50       10000    10000 (100.0%) 0        100       100      45.38      55.33      86.84      169.26    
nativeTextFilterPipeline       10000      71698.8    64       50       10000    10000 (100.0%) 0        300       100      22.34      27.89      54.44      85.74     
nativeTextFilterPipeline       10000      70691.4    64       50       10000    10000 (100.0%) 0        500       100      21.13      25.34      44.12      87.24     
nativeTextFilterPipeline       10000      22208.5    64       50       10000    10000 (100.0%) 0        500       250      118.06     173.07     446.61     537.29    
nativeTextFilterPipeline       10000      13600.4    64       50       10000    10000 (100.0%) 0        500       500      244.56     290.49     674.18     862.29    
nativeTextFilterPipeline-static 10000      100474.7   64       50       10000    10000 (100.0%) 0        100       100      30.61      40.15      67.89      92.99     
nativeTextFilterPipeline-static 10000      93446.4    64       50       10000    10000 (100.0%) 0        300       100      6.61       7.89       36.21      66.70     
nativeTextFilterPipeline-static 10000      94082.9    64       50       10000    10000 (100.0%) 0        500       100      6.52       8.14       45.01      81.78     
nativeTextFilterPipeline-static 10000      96907.3    64       50       10000    10000 (100.0%) 0        500       250      6.97       14.35      50.64      76.22     
nativeTextFilterPipeline-static 10000      98086.9    64       50       10000    10000 (100.0%) 0        500       500      17.88      30.73      61.28      88.87     
nativeTextFilterPipeline-dynamic 10000      85921.8    64       50       10000    10000 (100.0%) 0        100       100      12.22      19.57      55.84      90.50     
nativeTextFilterPipeline-dynamic 10000      83938.7    64       50       10000    10000 (100.0%) 0        300       100      9.92       15.79      45.71      73.93     
nativeTextFilterPipeline-dynamic 10000      86546.5    64       50       10000    10000 (100.0%) 0        500       100      17.83      31.39      65.88      104.56    
nativeTextFilterPipeline-dynamic 10000      65590.2    64       50       10000    10000 (100.0%) 0        500       250      11.14      24.46      64.00      133.37    
nativeTextFilterPipeline-dynamic 10000      57557.1    64       50       10000    10000 (100.0%) 0        500       500      27.60      48.35      168.54     272.41    
nativeTextFilterPipeline       50000      71255.8    64       50       50000    50000 (100.0%) 0        100       100      21.50      26.08      50.35      79.85     
nativeTextFilterPipeline       50000      71152.2    64       50       50000    50000 (100.0%) 0        300       100      21.86      26.48      49.75      84.04     
nativeTextFilterPipeline       50000      72374.8    64       50       50000    50000 (100.0%) 0        500       100      45.74      56.82      93.62      134.56    
nativeTextFilterPipeline       50000      30943.0    64       50       50000    50000 (100.0%) 0        500       250      104.81     124.57     205.82     510.23    
nativeTextFilterPipeline       50000      15997.2    64       50       50000    50000 (100.0%) 0        500       500      220.77     251.24     495.47     640.08    
nativeTextFilterPipeline-static 50000      94463.4    64       50       50000    50000 (100.0%) 0        100       100      6.81       9.27       49.88      74.84     
nativeTextFilterPipeline-static 50000      93385.6    64       50       50000    50000 (100.0%) 0        300       100      6.28       7.29       37.88      66.13     
nativeTextFilterPipeline-static 50000      93236.9    64       50       50000    50000 (100.0%) 0        500       100      6.20       7.22       39.60      68.81     
nativeTextFilterPipeline-static 50000      92484.0    64       50       50000    50000 (100.0%) 0        500       250      6.01       6.77       11.35      47.26     
nativeTextFilterPipeline-static 50000      93690.7    64       50       50000    50000 (100.0%) 0        500       500      6.24       7.23       37.69      64.54     
nativeTextFilterPipeline-dynamic 50000      86476.5    64       50       50000    50000 (100.0%) 0        100       100      11.54      18.96      55.88      81.67     
nativeTextFilterPipeline-dynamic 50000      84884.4    64       50       50000    50000 (100.0%) 0        300       100      10.53      16.74      51.08      77.70     
nativeTextFilterPipeline-dynamic 50000      82610.2    64       50       50000    50000 (100.0%) 0        500       100      11.40      16.10      30.10      54.78     
nativeTextFilterPipeline-dynamic 50000      63508.0    64       50       50000    50000 (100.0%) 0        500       250      30.15      50.76      194.18     409.46    
nativeTextFilterPipeline-dynamic 50000      58116.0    64       50       50000    50000 (100.0%) 0        500       500      17.74      39.83      126.69     341.78    
nativeTextFilterPipeline       100000     71573.5    64       50       100000   100000(100.0%) 0        100       100      19.30      22.64      35.62      59.73     
nativeTextFilterPipeline       100000     72227.2    64       50       100000   100000(100.0%) 0        300       100      21.31      27.79      61.38      87.33     
nativeTextFilterPipeline       100000     71020.2    64       50       100000   100000(100.0%) 0        500       100      19.85      23.43      36.37      51.98     
nativeTextFilterPipeline       100000     32815.1    64       50       100000   100000(100.0%) 0        500       250      98.47      115.86     167.70     831.43    
nativeTextFilterPipeline       100000     14805.2    64       50       100000   100000(100.0%) 0        500       500      230.47     270.80     414.43     959.03    
nativeTextFilterPipeline-static 100000     94002.7    64       50       100000   100000(100.0%) 0        100       100      6.37       7.58       43.10      69.46     
nativeTextFilterPipeline-static 100000     94451.0    64       50       100000   100000(100.0%) 0        300       100      6.42       7.90       47.69      73.85     
nativeTextFilterPipeline-static 100000     92040.2    64       50       100000   100000(100.0%) 0        500       100      6.05       6.81       11.41      45.47     
nativeTextFilterPipeline-static 100000     92283.2    64       50       100000   100000(100.0%) 0        500       250      6.07       6.77       8.95       11.96     
nativeTextFilterPipeline-static 100000     92958.2    64       50       100000   100000(100.0%) 0        500       500      6.09       6.84       13.31      54.37     
nativeTextFilterPipeline-dynamic 100000     82414.2    64       50       100000   100000(100.0%) 0        100       100      11.13      18.34      53.24      61.83     
nativeTextFilterPipeline-dynamic 100000     85321.2    64       50       100000   100000(100.0%) 0        300       100      8.99       13.49      28.18      60.56     
nativeTextFilterPipeline-dynamic 100000     85228.1    64       50       100000   100000(100.0%) 0        500       100      9.64       14.61      33.22      64.67     
nativeTextFilterPipeline-dynamic 100000     66750.6    64       50       100000   100000(100.0%) 0        500       250      10.28      18.59      49.89      97.64     
nativeTextFilterPipeline-dynamic 100000     57392.9    64       50       100000   100000(100.0%) 0        500       500      11.73      21.28      88.92      159.45    
==========================================================================================================================================================================
Visualize here : https://saiteja05.github.io/datalog/performance_visualization.html


